oui
6 4
120.000000
125.862359 242.000000
125.862359
108.999999
19 181
119.812500
125.625678 243.380813
125.625678
109.000002
19 181
119.625000
125.391226 244.780111
125.391226
109.000000
19 181
119.437500
125.158985 246.198243
125.158985
108.999999
19 181
119.250000
124.928938 247.635571
124.928938
108.999998
19 181
119.062500
124.701069 249.092463
124.701069
109.000001
19 181
118.875000
124.475360 250.569298
124.475360
109.000000
19 181
118.687500
124.251795 252.066465
124.251795
108.999999
19 181
118.500000
124.030357 253.584362
124.030357
108.999999
19 181
118.312500
123.811030 255.123401
123.811030
109.000000
19 181
118.125000
123.593800 256.684000
123.593800
109.000001
19 181
117.937500
123.378649 258.266592
123.378649
108.999999
19 181
117.750000
123.165562 122.418863
122.418863
108.339180
19 181
117.562500
122.954525 123.185734
122.954525
109.000001
19 181
117.375000
122.745522 123.963610
122.745522
109.000000
19 181
117.187500
194.487772 124.752717
124.752717
110.969548
21 179
117.000000
194.162439 125.553288
125.553288
111.868798
21 179
116.812500
193.840265 126.365562
126.365562
112.779676
22 178
116.625000
193.521227 127.189786
127.189786
113.702426
23 177
116.437500
193.205303 128.026212
128.026212
114.637302
23 177
116.250000
192.892472 128.875102
128.875102
115.584566
24 176
116.062500
192.582711 129.736722
129.736722
116.544486
24 176
115.875000
192.275999 130.611350
130.611350
117.517338
25 175
115.687500
191.972315 131.499268
131.499268
118.503407
26 174
115.500000
191.671638 132.400768
132.400768
119.502984
26 174
115.312500
191.373948 133.316152
133.316152
120.516374
27 173
115.125000
191.079224 134.245730
134.245730
121.543885
28 172
114.937500
190.787447 135.189819
135.189819
122.585836
28 172
114.750000
190.498596 136.148750
136.148750
123.642558
29 171
114.562500
190.212653 137.122861
137.122861
124.714390
29 171
114.375000
189.929598 138.112501
138.112501
125.801681
30 170
114.187500
189.649412 139.118030
139.118030
126.904793
31 169
114.000000
189.372076 140.139820
140.139820
128.024095
31 169
113.812500
189.097573 141.178254
141.178254
129.159976
32 168
113.625000
188.825883 142.233727
142.233727
130.312828
32 168
113.437500
188.556989 143.306646
143.306646
131.483059
33 167
113.250000
188.290874 144.397434
144.397434
132.671093
34 166
113.062500
188.027520 145.506525
145.506525
133.877365
34 166
112.875000
187.766909 146.634367
146.634367
135.102322
35 165
112.687500
187.509025 147.781425
147.781425
136.346433
35 165
112.500000
187.253851 148.948178
148.948178
137.610172
36 164
112.312500
187.001370 150.135122
150.135122
138.894041
37 163
112.125000
186.751567 151.342768
151.342768
140.198551
37 163
111.937500
186.504424 152.571647
152.571647
141.524229
38 162
111.750000
186.259928 153.822307
153.822307
142.871629
38 162
111.562500
186.018060 155.095315
155.095315
144.241314
39 161
111.375000
185.778807 156.391258
156.391258
145.633875
40 160
111.187500
185.542154 157.710744
157.710744
147.049920
40 160
111.000000
185.308084 159.054402
159.054402
148.490076
41 159
110.812500
185.076584 160.422885
160.422885
149.955001
41 159
110.625000
184.847638 161.816869
161.816869
151.445368
42 158
110.437500
184.621233 163.237055
163.237055
152.961878
43 157
110.250000
184.397354 164.684169
164.684169
154.505261
43 157
110.062500
184.175988 166.158966
166.158966
156.076269
44 156
109.875000
183.957120 167.662227
167.662227
157.675688
44 156
109.687500
183.740737 169.194766
169.194766
159.304329
45 155
109.500000
183.526825 170.757426
170.757426
160.963034
45 155
109.312500
183.315372 172.351082
172.351082
162.652684
46 154
109.125000
183.106364 173.976647
173.976647
164.374188
47 153
108.937500
182.899789 175.635065
175.635065
166.128493
47 153
108.750000
182.695634 177.327323
177.327323
167.916586
48 152
108.562500
182.493886 179.054445
179.054445
169.739488
48 152
108.375000
182.294533 180.817496
180.817496
171.598272
49 151
108.187500
182.097563 182.617587
182.097563
173.000001
49 151
108.000000
181.902965 184.455875
181.902965
173.000000
49 151
107.812500
248.933191 186.333564
186.333564
177.401232
51 149
107.625000
248.673050 188.251912
188.251912
179.415112
51 149
107.437500
248.416111 190.212228
190.212228
181.470911
52 148
107.250000
248.162357 192.215881
192.215881
183.570000
52 148
107.062500
247.911772 194.264297
194.264297
185.713804
53 147
106.875000
247.664343 196.358969
196.358969
187.903818
53 147
106.687500
247.420055 198.501454
198.501454
190.141599
54 146
106.500000
247.178892 200.693382
200.693382
192.428775
54 146
106.312500
246.940841 202.936455
202.936455
194.767053
55 145
106.125000
246.705888 205.232459
205.232459
197.158217
56 144
105.937500
246.474018 207.583258
207.583258
199.604131
56 144
105.750000
246.245219 209.990810
209.990810
202.106755
57 143
105.562500
246.019475 212.457165
212.457165
204.668138
57 143
105.375000
245.796776 214.984473
214.984473
207.290433
58 142
105.187500
245.577106 217.574991
217.574991
209.975897
58 142
105.000000
245.360455 220.231088
220.231088
212.726896
59 141
104.812500
245.146808 222.955254
222.955254
215.545924
59 141
104.625000
244.936154 225.750105
225.750105
218.435596
60 140
104.437500
244.728480 228.618394
228.618394
221.398668
60 140
104.250000
244.523774 231.563020
231.563020
224.438036
61 139
104.062500
244.322025 234.587035
234.587035
227.556756
62 138
103.875000
244.123221 237.693656
237.693656
230.758043
62 138
103.687500
243.927350 240.886278
240.886278
234.045292
63 137
103.500000
243.734401 244.168481
243.734401
237.000000
63 137
103.312500
243.544363 247.544052
243.544363
237.000000
63 137
103.125000
243.357226 251.016990
243.357226
237.000000
63 137
102.937500
243.172978 254.591527
243.172978
237.000000
63 137
102.750000
242.991609 258.272145
242.991609
237.000000
63 137
102.562500
242.813109 262.063593
242.813109
237.000000
63 137
102.375000
242.637468 265.970908
242.637468
237.000000
63 137
102.187500
242.464675 269.999436
242.464675
237.000000
63 137
102.000000
242.294721 274.154858
242.294721
237.000000
63 137
101.812500
242.127596 278.443215
242.127596
237.000000
63 137
101.625000
241.963291 282.870940
241.963291
237.000000
63 137
101.437500
241.801797 287.444885
241.801797
237.000000
63 137
101.250000
241.643104 292.172361
241.643104
237.000000
63 137
101.062500
241.487204 297.061173
241.487204
237.000000
63 137
100.875000
241.334088 302.119664
241.334088
237.000000
63 137
100.687500
241.183747 307.356765
241.183747
237.000000
63 137
100.500000
241.036173 312.782043
241.036173
237.000000
63 137
100.312500
240.891358 318.405761
240.891358
237.000000
63 137
100.125000
240.749293 324.238943
240.749293
237.000000
63 137
99.937500
240.609971 330.293444
240.609971
237.000000
63 137
99.750000
240.473383 336.582031
240.473383
237.000000
63 137
99.562500
240.339524 343.118474
240.339524
237.000000
63 137
99.375000
240.208384 349.917642
240.208384
237.000000
63 137
99.187500
240.079956 356.995621
240.079956
237.000000
63 137
99.000000
239.954235 364.369834
239.954235
237.000000
63 137
98.812500
239.831212 10000000.000000
239.831212
237.000000
63 137
98.625000
239.710881 10000000.000000
239.710881
237.000000
63 137
98.437500
239.593235 10000000.000000
239.593235
237.000000
63 137
98.250000
239.478268 10000000.000000
239.478268
237.000000
63 137
98.062500
239.365973 10000000.000000
239.365973
237.000000
63 137
97.875000
239.256345 10000000.000000
239.256345
237.000000
63 137
97.687500
239.149377 10000000.000000
239.149377
237.000000
63 137
97.500000
239.045064 10000000.000000
239.045064
237.000000
63 137
97.312500
238.943399 10000000.000000
238.943399
237.000000
63 137
97.125000
238.844377 10000000.000000
238.844377
237.000000
63 137
96.937500
238.747993 10000000.000000
238.747993
237.000000
63 137
96.750000
238.654242 10000000.000000
238.654242
237.000000
63 137
96.562500
238.563118 10000000.000000
238.563118
237.000000
63 137
96.375000
238.474617 10000000.000000
238.474617
237.000000
63 137
96.187500
238.388733 10000000.000000
238.388733
237.000000
63 137
96.000000
238.305462 10000000.000000
238.305462
237.000000
63 137
95.812500
238.224800 10000000.000000
238.224800
237.000000
63 137
95.625000
238.146742 10000000.000000
238.146742
237.000000
63 137
95.437500
238.071283 10000000.000000
238.071283
237.000000
63 137
95.250000
237.998421 10000000.000000
237.998421
237.000000
63 137
95.062500
237.928150 10000000.000000
237.928150
237.000000
63 137
94.875000
237.860467 10000000.000000
237.860467
237.000000
63 137
94.687500
237.795369 10000000.000000
237.795369
237.000000
63 137
94.500000
237.732851 10000000.000000
237.732851
237.000000
63 137
94.312500
237.672911 10000000.000000
237.672911
237.000000
63 137
94.125000
237.615545 10000000.000000
237.615545
237.000000
63 137
93.937500
237.560750 10000000.000000
237.560750
237.000000
63 137
93.750000
237.508524 10000000.000000
237.508524
237.000000
63 137
93.562500
237.458863 10000000.000000
237.458863
237.000000
63 137
93.375000
237.411765 10000000.000000
237.411765
237.000000
63 137
93.187500
237.367226 10000000.000000
237.367226
237.000000
63 137
93.000000
237.325246 10000000.000000
237.325246
237.000000
63 137
92.812500
237.285821 10000000.000000
237.285821
237.000000
63 137
92.625000
237.248950 10000000.000000
237.248950
237.000000
63 137
92.437500
237.214630 10000000.000000
237.214630
237.000000
63 137
92.250000
237.182859 10000000.000000
237.182859
237.000000
63 137
92.062500
237.153637 10000000.000000
237.153637
237.000000
63 137
91.875000
237.126961 10000000.000000
237.126961
237.000000
63 137
91.687500
237.102829 10000000.000000
237.102829
237.000000
63 137
91.500000
237.081242 10000000.000000
237.081242
237.000000
63 137
91.312500
237.062197 10000000.000000
237.062197
237.000000
63 137
91.125000
237.045693 10000000.000000
237.045693
237.000000
63 137
90.937500
237.031730 10000000.000000
237.031730
237.000000
63 137
90.750000
237.020306 10000000.000000
237.020306
237.000000
63 137
90.562500
237.011422 10000000.000000
237.011422
237.000000
63 137
90.375000
237.005076 10000000.000000
237.005076
237.000000
63 137
90.187500
237.001269 10000000.000000
237.001269
237.000000
63 137
90.000000
237.000000 10000000.000000
237.000000
237.000000
63 137
89.812500
237.001269 10000000.000000
237.001269
237.000000
63 137
89.625000
237.005076 10000000.000000
237.005076
237.000000
63 137
89.437500
237.011422 10000000.000000
237.011422
237.000000
63 137
89.250000
237.020306 10000000.000000
237.020306
237.000000
63 137
89.062500
237.031730 10000000.000000
237.031730
237.000000
63 137
88.875000
237.045693 10000000.000000
237.045693
237.000000
63 137
88.687500
237.062197 349.261963
237.062197
237.000000
63 137
88.500000
237.081242 305.612400
237.081242
237.000000
63 137
88.312500
237.102829 271.663710
237.102829
237.000000
63 137
88.125000
237.126961 244.505631
237.126961
237.000000
63 137
87.937500
237.153637 222.286179
222.286179
222.142174
61 139
87.750000
237.182859 203.770696
203.770696
203.613597
57 143
87.562500
237.214630 188.104422
188.104422
187.934227
53 147
87.375000
237.248950 174.676810
174.676810
174.493519
50 150
87.187500
173.208637 163.040130
163.040130
162.843741
46 154
87.000000
173.237416 152.858581
152.858581
152.649093
42 158
86.812500
173.268060 143.875375
143.875375
143.652788
39 161
86.625000
173.300571 135.890790
135.890790
135.655102
35 165
86.437500
173.334951 128.747147
128.747147
128.498358
32 168
86.250000
173.371201 122.318306
122.318306
122.056413
28 172
86.062500
173.409324 116.502153
116.502153
116.227155
24 176
85.875000
173.449322 111.215139
111.215139
110.927035
21 179
85.687500
109.309482 106.388246
106.388246
106.087034
17 183
85.500000
109.337050 101.963959
101.963959
101.649638
13 187
85.312500
109.365802 97.893965
97.893965
97.566533
10 190
85.125000
109.395742 94.137386
94.137386
93.796841
6 194
84.937500
109.426871 90.659396
90.659396
90.305737
2 198
84.750000
109.459189 87.430147
87.430147
87.063372
-1 201
84.562500
109.492700 84.423908
84.423908
84.044014
-5 205
84.375000
109.527404 81.618378
81.618378
81.225363
-9 209
84.187500
109.563305 78.994133
78.994133
78.587995
-12 212
84.000000
109.600402 76.534178
76.534178
76.114916
-16 216
83.812500
109.638700 74.223578
74.223578
73.791188
-20 220
83.625000
109.678199 72.049154
72.049154
71.603635
-23 223
83.437500
109.718902 69.999234
69.999234
69.540584
-27 227
83.250000
109.760812 68.063443
68.063443
67.591659
-31 231
83.062500
109.803929 66.232528
66.232528
65.747607
-34 234
82.875000
109.848258 64.498209
64.498209
64.000148
-38 238
82.687500
109.893799 62.853056
62.853056
62.341853
-42 242
82.500000
109.940557 61.290381
61.290381
60.766033
-45 245
82.312500
109.988532 59.804149
59.804149
59.266654
-49 249
82.125000
110.037728 58.388901
58.388901
57.838255
-53 253
81.937500
110.088148 57.039683
57.039683
56.475884
-56 256
81.750000
110.139794 55.751995
55.751995
55.175040
-60 260
81.562500
110.192669 54.521735
54.521735
53.931619
-64 264
81.375000
110.246776 53.345156
53.345156
52.741878
-68 268
81.187500
110.302119 52.218834
52.218834
51.602389
-71 271
81.000000
110.358699 51.139626
51.139626
50.510012
-75 275
80.812500
110.416520 50.104649
50.104649
49.461862
-79 279
80.625000
110.475586 49.111248
49.111248
48.455285
-82 282
80.437500
110.535899 48.156979
48.156979
47.487836
-86 286
80.250000
110.597463 47.239583
47.239583
46.557258
-90 290
80.062500
110.660282 46.356975
46.356975
45.661462
-94 294
79.875000
45.711891 45.507220
45.507220
44.798517
-97 297
79.687500
45.738865 402.196751
45.738865
45.000000
-96 296
79.500000
45.766362 395.093107
45.766362
45.000000
-96 296
79.312500
45.794382 388.240124
45.794382
45.000000
-96 296
79.125000
45.822928 381.624839
45.822928
45.000000
-96 296
78.937500
45.852001 375.235165
45.852001
45.000000
-96 296
78.750000
45.881602 369.059824
45.881602
45.000000
-96 296
78.562500
45.911734 363.088276
45.911734
45.000000
-96 296
78.375000
45.942397 10000000.000000
45.942397
45.000000
-96 296
78.187500
45.973594 10000000.000000
45.973594
45.000000
-96 296
78.000000
46.005327 10000000.000000
46.005327
45.000000
-96 296
77.812500
46.037597 10000000.000000
46.037597
45.000000
-96 296
77.625000
46.070405 10000000.000000
46.070405
45.000000
-96 296
77.437500
46.103755 10000000.000000
46.103755
45.000000
-96 296
77.250000
46.137647 10000000.000000
46.137647
45.000000
-96 296
77.062500
46.172084 10000000.000000
46.172084
45.000000
-96 296
76.875000
46.207068 10000000.000000
46.207068
45.000000
-96 296
76.687500
46.242601 10000000.000000
46.242601
45.000000
-96 296
76.500000
46.278684 10000000.000000
46.278684
45.000000
-96 296
76.312500
46.315320 10000000.000000
46.315320
45.000000
-96 296
76.125000
46.352510 10000000.000000
46.352510
45.000000
-96 296
75.937500
46.390258 10000000.000000
46.390258
45.000000
-96 296
75.750000
46.428565 10000000.000000
46.428565
45.000000
-96 296
75.562500
46.467433 10000000.000000
46.467433
45.000000
-96 296
75.375000
46.506865 10000000.000000
46.506865
45.000000
-96 296
75.187500
46.546862 10000000.000000
46.546862
45.000000
-96 296
75.000000
46.587428 10000000.000000
46.587428
45.000000
-96 296
74.812500
46.628565 10000000.000000
46.628565
45.000000
-96 296
74.625000
46.670274 10000000.000000
46.670274
45.000000
-96 296
74.437500
46.712559 10000000.000000
46.712559
45.000000
-96 296
74.250000
46.755421 10000000.000000
46.755421
45.000000
-96 296
74.062500
46.798864 10000000.000000
46.798864
45.000000
-96 296
73.875000
46.842890 10000000.000000
46.842890
45.000000
-96 296
73.687500
46.887502 10000000.000000
46.887502
45.000000
-96 296
73.500000
46.932701 10000000.000000
46.932701
45.000000
-96 296
73.312500
46.978491 10000000.000000
46.978491
45.000000
-96 296
73.125000
47.024875 10000000.000000
47.024875
45.000000
-96 296
72.937500
47.071856 10000000.000000
47.071856
45.000000
-96 296
72.750000
47.119435 10000000.000000
47.119435
45.000000
-96 296
72.562500
47.167616 10000000.000000
47.167616
45.000000
-96 296
72.375000
47.216402 10000000.000000
47.216402
45.000000
-96 296
72.187500
47.265796 10000000.000000
47.265796
45.000000
-96 296
72.000000
47.315800 10000000.000000
47.315800
45.000000
-96 296
71.812500
47.366418 10000000.000000
47.366418
45.000000
-96 296
71.625000
47.417653 10000000.000000
47.417653
45.000000
-96 296
71.437500
47.469508 10000000.000000
47.469508
45.000000
-96 296
71.250000
47.521986 10000000.000000
47.521986
45.000000
-96 296
71.062500
47.575090 10000000.000000
47.575090
45.000000
-96 296
70.875000
47.628823 10000000.000000
47.628823
45.000000
-96 296
70.687500
47.683189 10000000.000000
47.683189
45.000000
-96 296
70.500000
47.738191 407.421226
47.738191
45.000000
-96 296
70.312500
47.793833 403.692776
47.793833
45.000000
-96 296
70.125000
47.850118 400.036192
47.850118
45.000000
-96 296
69.937500
47.907049 396.449462
47.907049
45.000000
-96 296
69.750000
47.964630 392.930649
47.964630
45.000000
-96 296
69.562500
48.022864 389.477886
48.022864
45.000000
-96 296
69.375000
48.081756 386.089373
48.081756
45.000000
-96 296
69.187500
48.141308 382.763376
48.141308
45.000000
-96 296
69.000000
48.201525 379.498223
48.201525
45.000000
-96 296
68.812500
48.262410 376.292301
48.262410
45.000000
-96 296
68.625000
48.323967 373.144054
48.323967
45.000000
-96 296
68.437500
48.386201 370.051980
48.386201
45.000000
-96 296
68.250000
48.449114 367.014628
48.449114
45.000000
-96 296
68.062500
48.512712 364.030597
48.512712
45.000000
-96 296
67.875000
48.576997 361.098534
48.576997
45.000000
-96 296
67.687500
48.641975 358.217132
48.641975
45.000000
-96 296
67.500000
48.707649 355.385126
48.707649
45.000000
-96 296
67.312500
48.774024 352.601295
48.774024
45.000000
-96 296
67.125000
48.841103 349.864454
48.841103
45.000000
-96 296
66.937500
48.908892 347.173462
48.908892
45.000000
-96 296
66.750000
48.977395 344.527211
48.977395
45.000000
-96 296
66.562500
49.046616 341.924630
49.046616
45.000000
-96 296
66.375000
49.116559 339.364681
49.116559
45.000000
-96 296
66.187500
49.187230 336.846360
49.187230
45.000000
-96 296
66.000000
49.258633 334.368694
49.258633
45.000000
-96 296
65.812500
49.330772 331.930739
49.330772
45.000000
-96 296
65.625000
49.403653 329.531581
49.403653
45.000000
-96 296
65.437500
49.477280 327.170335
49.477280
45.000000
-96 296
65.250000
49.551658 324.846141
49.551658
45.000000
-96 296
65.062500
49.626793 322.558166
49.626793
45.000000
-96 296
64.875000
49.702688 320.305601
49.702688
45.000000
-96 296
64.687500
49.779351 318.087662
49.779351
45.000000
-96 296
64.500000
49.856784 315.903588
49.856784
45.000000
-96 296
64.312500
49.934995 313.752639
49.934995
45.000000
-96 296
64.125000
50.013988 311.634098
50.013988
45.000000
-96 296
63.937500
50.093769 309.547268
50.093769
45.000000
-96 296
63.750000
50.174342 307.491471
50.174342
45.000000
-96 296
63.562500
50.255715 305.466050
50.255715
45.000000
-96 296
63.375000
50.337891 303.470366
50.337891
45.000000
-96 296
63.187500
50.420878 301.503798
50.420878
45.000000
-96 296
63.000000
50.504681 299.565740
50.504681
45.000000
-96 296
62.812500
50.589305 297.655606
50.589305
45.000000
-96 296
62.625000
50.674757 295.772825
50.674757
45.000000
-96 296
62.437500
50.761042 293.916840
50.761042
45.000000
-96 296
62.250000
50.848168 292.087111
50.848168
45.000000
-96 296
62.062500
50.936139 290.283112
50.936139
45.000000
-96 296
61.875000
51.024963 288.504331
51.024963
45.000000
-96 296
61.687500
51.114646 286.750269
51.114646
45.000000
-96 296
61.500000
51.205193 285.020440
51.205193
45.000000
-96 296
61.312500
51.296612 283.314373
51.296612
44.999999
-96 296
61.125000
51.388910 281.631607
51.388910
45.000000
-96 296
60.937500
51.482093 279.971694
51.482093
45.000000
-96 296
60.750000
51.576167 278.334195
51.576167
44.999999
-96 296
60.562500
51.671141 276.718686
51.671141
45.000000
-96 296
60.375000
51.767020 275.124752
51.767020
45.000000
-96 296
60.187500
51.863812 273.551988
51.863812
45.000001
-96 296
60.000000
51.961524 272.000000
51.961524
45.000000
-96 296
